71
61
60
72
52
73
74
77
53
56
64
64
60
76
62
54
53
59
66
71
61
73
61
62
55
53
59
56
67
76
55
69
66
63
67
67
48
67
69
52
64
62
69
64
56
54
52
64
69
55
65
64
67
65
60
49
74
59
73
70
70
69
69
65
63
55
77
53
53
49
89
60
56
49
60
56
64
76
73
79
61
63
61
58
60
58
74
52
66
65
65
63
61
58
62
65
49
59
58
58
75
65
63
62
55
62
72
64
58
68
68
75
56
58
50
55
46
61
66
53
67
48
66
63
65
58
59
65
65
75
66
58
65
60
69
49
59
67
48
66
63
66
63
65
58
59
75
65
75
66
58
65
60
59
51
62
74
72
57
72
60
55
65
71
62
72
58
66
62
64
56
55
69
77
58
65
62
76
73
70
50
77
82
54
59
74
70
48
64
57
53
62
56
76
63
62
65
34
46
43
66
64
55
60
46
69
67
62
75
65
68
67
68
63
67
79
62
66
67
53
65
66
68
65
73
63
49
49
54
75
57
71
63
62
55
59
52
64
73
65
59
55
73
70
56
46
70
65
66
74
60
66
54
59
54
47
70
67
55
67
65
57
51
68
71
68
65
54
57
69
56
62
56
69
54
47
70
67
65
67
65
57
51
68
71
68
65
54
57
59
65
56
62
56
63
48
51
56
54
61
58
52
68
67
77
57
58
85
68
52
68
77
58
78
74
59
59
62
67
36
63
86
64
59
69
51
65
66
63
73
63
74
69
61
62
69
66
53
58
62
55
66
66
57
66
64
73
71
50
57
73
60
60
66
55
63
63
58
74
62
45
65
61
72
73
68
56
67
62
64
72
55
53
56
73
75
62
56
67
59
61
69
64
50
55
79
65
70
68
56
55
52
58
77
70
74
46
69
75
54
60
